#           x wallShearS... wallShearS... wallShearS...
      0.04075     -0.339316    -0.0523058   2.76018e-22
    0.0710455      -0.10532  -2.67829e-05             0
     0.101341    -0.0811293  -1.08736e-05             0
     0.131636     -0.070514  -5.11283e-06             0
     0.161932    -0.0656299   -2.1291e-06             0
     0.192227    -0.0638827  -6.42664e-07             0
     0.222523     -0.063304  -2.60116e-07             0
     0.252818    -0.0640869   1.51554e-06             0
     0.283114    -0.0659017    1.1783e-06             0


     0.313409     -0.068912   2.16138e-06             0
     0.343705    -0.0719428   2.56413e-06             0
        0.374    -0.0741895   8.11513e-07             0
     0.404295    -0.0749097   7.20843e-07             0
     0.434591    -0.0758021   1.86949e-07             0
     0.464886    -0.0756792  -2.56731e-07             0
     0.495182    -0.0752003  -4.03112e-07             0
     0.525477    -0.0745945  -4.52919e-07             0
     0.555773    -0.0739455  -4.70829e-07             0
     0.586068    -0.0732828   -4.7306e-07             0
     0.616364    -0.0726248  -4.66067e-07             0
     0.646659    -0.0719802  -4.53355e-07             0
     0.676955    -0.0713562  -4.38146e-07             0
      0.70725    -0.0707538  -4.21856e-07             0
     0.737545    -0.0701758  -4.04488e-07             0
     0.767841    -0.0696199  -3.89584e-07             0
     0.798136    -0.0690852  -3.74694e-07             0
     0.828432    -0.0685718  -3.59155e-07             0
     0.858727      -0.06808  -3.43088e-07             0
     0.889023      -0.06761  -3.29393e-07             0


     0.919318    -0.0671572  -3.17678e-07             0
     0.949614    -0.0667201  -3.07072e-07             0
     0.979909     -0.066298  -2.96352e-07             0
       1.0102    -0.0658899  -2.88429e-07             0
       1.0405    -0.0654918  -2.90677e-07             0
       1.0708    -0.0650829  -3.37027e-07             0


      1.10109    -0.0645339  -4.01684e-07             0
      1.13139    -0.0640795  -2.68723e-07             0
      1.16168    -0.0637171  -2.32252e-07             0
      1.19198    -0.0633987   -2.1541e-07             0
      1.22227    -0.0631029  -2.05526e-07             0
      1.25257    -0.0628203  -1.98429e-07             0
      1.28286    -0.0625472  -1.94062e-07             0
      1.31316    -0.0622837  -1.84022e-07             0
      1.34345     -0.062028  -1.79077e-07             0
      1.37375    -0.0617802  -1.73743e-07             0
      1.40405    -0.0615392  -1.68618e-07             0
      1.43434    -0.0613053  -1.63666e-07             0
      1.46464    -0.0610779  -1.59112e-07             0
      1.49493    -0.0608575  -1.54915e-07             0
      1.52523    -0.0606424  -1.50915e-07             0
      1.55552    -0.0604323  -1.47011e-07             0
      1.58582    -0.0602284  -1.42918e-07             0
      1.61611    -0.0600298  -1.39031e-07             0
      1.64641    -0.0598361  -1.35117e-07             0
       1.6767     -0.059647  -1.31272e-07             0
        1.707    -0.0594624  -1.27541e-07             0
       1.7373    -0.0592823  -1.24712e-07             0
      1.76759    -0.0591068  -1.21367e-07             0
      1.79789    -0.0589354  -1.18915e-07             0
      1.82818    -0.0587679  -1.15504e-07             0
      1.85848     -0.058604   -1.1408e-07             0
      1.88877    -0.0584438  -1.13532e-07             0
      1.91907    -0.0582874  -1.09485e-07             0
      1.94936    -0.0581344  -1.06484e-07             0
      1.97966    -0.0579847  -1.04017e-07             0
      2.00995     -0.057838   -1.0187e-07             0
      2.04025    -0.0576942  -9.99079e-08             0
      2.07055    -0.0575531  -9.78812e-08             0
      2.10084    -0.0574147   -9.5622e-08             0
      2.13114    -0.0572794  -9.37612e-08             0
      2.16143     -0.057147  -9.20583e-08             0
      2.19173    -0.0570169  -8.74003e-08             0
      2.22202    -0.0568891  -8.36148e-08             0
      2.25232    -0.0567632  -8.61933e-08             0
      2.28261    -0.0566403  -8.52669e-08             0
      2.31291    -0.0565194  -8.49804e-08             0
       2.3432    -0.0564002  -8.42674e-08             0
       2.3735    -0.0562834  -8.10175e-08             0
       2.4038    -0.0561688  -7.99752e-08             0
      2.43409    -0.0560558  -7.88544e-08             0
      2.46439    -0.0559445  -7.68258e-08             0
      2.49468    -0.0558356  -7.62527e-08             0
      2.52498     -0.055728  -7.79224e-08             0
      2.55527    -0.0556219  -8.31919e-08             0
      2.58557     -0.055518  -7.81987e-08             0
      2.61586    -0.0554152  -7.21194e-08             0
      2.64616     -0.055314  -7.13651e-08             0
      2.67645    -0.0552142  -7.09268e-08             0
      2.70675    -0.0551153  -7.07222e-08             0
      2.73705    -0.0550173  -6.99201e-08             0
      2.76734    -0.0549203  -6.91941e-08             0
      2.79764     -0.054827  -6.90665e-08             0
      2.82793    -0.0547306  -6.78654e-08             0
      2.85823    -0.0546299   -6.5284e-08             0
      2.88852    -0.0545459  -6.29803e-08             0
      2.91882     -0.054471  -6.08308e-08             0
      2.94911    -0.0543743  -6.53661e-08             0
      2.97941    -0.0542723   -7.1511e-08             0
       3.0097    -0.0402369  -5.57656e-08             0
         3.04    -0.0250765  -3.82529e-08             0
