#           x wallShearS... wallShearS... wallShearS...
      0.04075     -0.310692    -0.0490455   2.76628e-22
    0.0710455    -0.0869145  -2.34084e-05             0
     0.101341    -0.0652952   -1.0263e-05             0
     0.131636    -0.0544445  -5.95433e-06             0
     0.161932    -0.0476689  -3.99225e-06             0
     0.192227    -0.0429305  -2.91278e-06             0
     0.222523    -0.0393744  -2.24715e-06             0
     0.252818    -0.0365771  -1.79981e-06             0
     0.283114    -0.0343048  -1.48347e-06             0


     0.313409    -0.0324114  -1.25022e-06             0
     0.343705    -0.0308008  -1.07223e-06             0
        0.374      -0.02941  -9.33242e-07             0
     0.404295    -0.0281922  -8.21497e-07             0
     0.434591    -0.0271149  -7.30331e-07             0
     0.464886    -0.0261525  -6.54747e-07             0
     0.495182    -0.0252874  -5.91451e-07             0
     0.525477    -0.0245032  -5.37699e-07             0
     0.555773     -0.023788  -4.91579e-07             0
     0.586068    -0.0231325  -4.51736e-07             0
     0.616364    -0.0225291  -4.17043e-07             0
     0.646659    -0.0219707   -3.8643e-07             0
     0.676955    -0.0214522  -3.59338e-07             0
      0.70725    -0.0209697  -3.35291e-07             0
     0.737545    -0.0205187  -3.13786e-07             0
     0.767841    -0.0200959  -2.94496e-07             0
     0.798136    -0.0196989  -2.77076e-07             0
     0.828432     -0.019325  -2.61277e-07             0
     0.858727    -0.0189717  -2.46701e-07             0
     0.889023    -0.0186379  -2.33782e-07             0


     0.919318    -0.0183212  -2.21768e-07             0
     0.949614     -0.018021  -2.10747e-07             0
     0.979909    -0.0177352  -2.00622e-07             0
       1.0102     -0.017463  -1.90923e-07             0
       1.0405    -0.0172037  -1.82184e-07             0
       1.0708    -0.0169563  -1.74182e-07             0


      1.10109    -0.0167198  -1.66437e-07             0
      1.13139     -0.016494  -1.59519e-07             0
      1.16168    -0.0162759  -1.53211e-07             0
      1.19198    -0.0160675  -1.46796e-07             0
      1.22227    -0.0158681  -1.40319e-07             0
      1.25257    -0.0156774  -1.33847e-07             0
      1.28286    -0.0154959  -1.27116e-07             0
      1.31316    -0.0153236  -1.21084e-07             0
      1.34345    -0.0151596  -1.14696e-07             0
      1.37375    -0.0150045   -1.0859e-07             0
      1.40405    -0.0148576  -1.02872e-07             0
      1.43434    -0.0147188  -9.70126e-08             0
      1.46464    -0.0145874  -9.14105e-08             0
      1.49493    -0.0144643  -8.59964e-08             0
      1.52523    -0.0143482  -8.06945e-08             0
      1.55552     -0.014239  -7.54604e-08             0
      1.58582    -0.0141377  -7.04485e-08             0
      1.61611     -0.014043  -6.53643e-08             0
      1.64641    -0.0139551  -6.04094e-08             0
       1.6767    -0.0138737  -5.56477e-08             0
        1.707    -0.0137984   -5.1305e-08             0
       1.7373    -0.0137281  -4.85033e-08             0
      1.76759    -0.0136619  -4.69761e-08             0
      1.79789    -0.0135987  -4.40547e-08             0
      1.82818    -0.0135384  -4.34366e-08             0
      1.85848    -0.0134809  -4.00393e-08             0
      1.88877    -0.0134267  -3.59131e-08             0
      1.91907    -0.0133757  -3.51337e-08             0
      1.94936    -0.0133283  -3.28632e-08             0
      1.97966    -0.0132843  -3.01061e-08             0
      2.00995    -0.0132437  -2.74979e-08             0
      2.04025    -0.0132061    -2.542e-08             0
      2.07055     -0.013171   -2.4029e-08             0
      2.10084    -0.0131375  -2.32756e-08             0
      2.13114    -0.0131049  -2.33154e-08             0
      2.16143    -0.0130721  -2.37888e-08             0
      2.19173    -0.0130385  -2.39524e-08             0
      2.22202     -0.013004  -2.44471e-08             0
      2.25232    -0.0129687  -2.62427e-08             0
      2.28261    -0.0129321  -2.60346e-08             0
      2.31291    -0.0128949  -2.65601e-08             0
       2.3432    -0.0128573  -2.71922e-08             0
       2.3735    -0.0128193  -2.67926e-08             0
       2.4038    -0.0127813   -2.7068e-08             0
      2.43409    -0.0127433  -2.75766e-08             0
      2.46439    -0.0127056  -2.82388e-08             0
      2.49468    -0.0126683  -2.72949e-08             0
      2.52498    -0.0126315  -2.67638e-08             0
      2.55527    -0.0125953  -2.73161e-08             0
      2.58557      -0.01256   -2.6119e-08             0
      2.61586    -0.0125252  -2.47123e-08             0
      2.64616    -0.0124915  -2.41209e-08             0
      2.67645    -0.0124586  -2.36046e-08             0
      2.70675    -0.0124264  -2.31438e-08             0
      2.73705    -0.0123949  -2.28134e-08             0
      2.76734    -0.0123638  -2.26621e-08             0
      2.79764    -0.0123333  -2.32135e-08             0
      2.82793    -0.0123014  -2.28667e-08             0
      2.85823    -0.0122674  -2.13652e-08             0
      2.88852    -0.0122408  -2.03197e-08             0
      2.91882    -0.0122184  -1.95276e-08             0
      2.94911    -0.0121881  -2.06696e-08             0
      2.97941     -0.012156  -2.22773e-08             0
       3.0097   -0.00900758   -1.6761e-08             0
         3.04   -0.00560761  -1.06696e-08             0
