#           x wallShearS... wallShearS... wallShearS...
      0.04075     -0.319536    -0.0500518   2.74988e-22
    0.0710455    -0.0930003  -2.43144e-05             0
     0.101341    -0.0707342  -1.05382e-05             0
     0.131636    -0.0594666     -6.25e-06             0
     0.161932    -0.0523163  -4.22879e-06             0
     0.192227    -0.0472829  -3.09909e-06             0
     0.222523    -0.0434872  -2.40158e-06             0
     0.252818    -0.0404969  -1.92152e-06             0
     0.283114    -0.0380769  -1.56757e-06             0


     0.313409    -0.0361064  -1.26424e-06             0
     0.343705    -0.0344869  -1.06146e-06             0
        0.374    -0.0333119  -5.93327e-07             0
     0.404295    -0.0328641  -6.05082e-08             0
     0.434591    -0.0331517   4.64961e-07             0
     0.464886    -0.0341616   9.99076e-07             0
     0.495182    -0.0359203   1.50223e-06             0
     0.525477    -0.0383015   2.11326e-06             0
     0.555773    -0.0418582   2.94201e-06             0
     0.586068    -0.0460314   2.89557e-06             0
     0.616364    -0.0497677   2.68964e-06             0
     0.646659    -0.0535584   2.87647e-06             0
     0.676955    -0.0575529   2.82191e-06             0
      0.70725    -0.0613897   2.21955e-06             0
     0.737545      -0.06405   1.84252e-06             0
     0.767841     -0.065959   8.36721e-07             0
     0.798136     -0.066676   3.12285e-07             0
     0.828432    -0.0669377   9.50988e-08             0
     0.858727    -0.0669744  -3.35038e-08             0
     0.889023    -0.0668734  -1.04397e-07             0


     0.919318    -0.0666888  -1.51455e-07             0
     0.949614    -0.0664462  -1.85725e-07             0
     0.979909    -0.0661672  -2.07509e-07             0
       1.0102    -0.0658659  -2.19472e-07             0
       1.0405    -0.0655471  -2.32185e-07             0
       1.0708    -0.0652196  -2.39981e-07             0


      1.10109    -0.0648903   -2.3601e-07             0
      1.13139    -0.0645629  -2.34017e-07             0
      1.16168    -0.0642377  -2.30924e-07             0
      1.19198    -0.0639192  -2.26479e-07             0
      1.22227    -0.0636073  -2.21257e-07             0
      1.25257    -0.0633026  -2.16142e-07             0
      1.28286    -0.0630052   -2.0997e-07             0
      1.31316    -0.0627152  -2.06988e-07             0
      1.34345    -0.0624322   -2.0028e-07             0
      1.37375    -0.0621575  -1.94687e-07             0
      1.40405    -0.0618902  -1.89657e-07             0
      1.43434    -0.0616301  -1.83894e-07             0
      1.46464    -0.0613766  -1.79152e-07             0
      1.49493    -0.0611309  -1.74181e-07             0
      1.52523    -0.0608913  -1.69709e-07             0
      1.55552    -0.0606576  -1.65297e-07             0
      1.58582    -0.0604306  -1.60872e-07             0
      1.61611    -0.0602097  -1.56632e-07             0
      1.64641    -0.0599942  -1.54302e-07             0
       1.6767    -0.0597839  -1.49992e-07             0
        1.707    -0.0595788  -1.45836e-07             0
       1.7373    -0.0593788  -1.41977e-07             0
      1.76759    -0.0591838  -1.38454e-07             0
      1.79789    -0.0589932   -1.3471e-07             0
      1.82818    -0.0588071  -1.31269e-07             0
      1.85848    -0.0586253  -1.27912e-07             0
      1.88877    -0.0584478   -1.2266e-07             0
      1.91907    -0.0582742  -1.22557e-07             0
      1.94936    -0.0581044  -1.20465e-07             0
      1.97966    -0.0579382  -1.17734e-07             0
      2.00995    -0.0577755  -1.15002e-07             0
      2.04025    -0.0576162  -1.12437e-07             0
      2.07055    -0.0574602  -1.10104e-07             0
      2.10084    -0.0573072  -1.07984e-07             0
      2.13114    -0.0571577  -1.05884e-07             0
      2.16143    -0.0570113  -1.03705e-07             0
      2.19173    -0.0568676   -1.0142e-07             0
      2.22202    -0.0567266  -9.91912e-08             0
      2.25232     -0.056588  -9.72232e-08             0
      2.28261     -0.056453  -9.46583e-08             0
      2.31291    -0.0563202  -9.32456e-08             0
       2.3432    -0.0561894  -9.22835e-08             0
       2.3735    -0.0560609  -9.06325e-08             0
       2.4038    -0.0559347  -8.94329e-08             0
      2.43409      -0.05581  -8.77696e-08             0
      2.46439    -0.0556872  -8.51706e-08             0
      2.49468    -0.0555672  -8.45306e-08             0
      2.52498    -0.0554487  -8.46268e-08             0
      2.55527    -0.0553321  -8.55716e-08             0
      2.58557    -0.0552181  -8.29376e-08             0
      2.61586    -0.0551052  -7.99091e-08             0
      2.64616    -0.0549945  -7.86772e-08             0
      2.67645    -0.0548855  -7.76255e-08             0
      2.70675    -0.0547778   -7.6707e-08             0
      2.73705    -0.0546716  -7.55356e-08             0
      2.76734    -0.0545665  -7.45977e-08             0
      2.79764    -0.0544654  -7.47688e-08             0
      2.82793    -0.0543613  -7.34062e-08             0
      2.85823    -0.0542531  -7.00714e-08             0
      2.88852    -0.0541625   -6.8081e-08             0
      2.91882    -0.0540816  -6.68372e-08             0
      2.94911    -0.0539771  -6.97777e-08             0
      2.97941    -0.0538669  -7.37257e-08             0
       3.0097    -0.0399331  -5.54002e-08             0
         3.04    -0.0248832  -3.52763e-08             0
